(((769, -603, 624), (-848, 390, 535)), ((665, -388, 856), (576, 605, -761))),[NegZ, NegY, NegX, SwapXZ], (8, 2, 1200)
(((-810, 416, 687), (-848, 390, 535)), ((-312, -645, 454), (-286, -493, 416))),[NegY, NegX, SwapYZ, SwapXY], (-1264, 104, 42)
(((-381, 692, -711), (-329, -620, -574)), ((581, -748, -854), (-731, -800, -717))),[NegY, SwapXY], (-1129, 111, 143)
(((538, -721, 649), (894, -652, -474)), ((562, -378, 396), (-561, -447, 752))),[NegY, SwapXZ], (142, -1099, 87)
(((-704, 757, -762), (-663, 829, -700)), ((-821, -517, 693), (-749, -476, 755))),[NegZ, NegY, NegX, SwapXY], (-1180, 8, -7)
(((487, 771, 293), (490, 961, 291)), ((-902, 331, 695), (-712, 333, 698))),[NegZ, NegX, SwapYZ, SwapXY], (1185, 59, -40)
(((487, 771, 293), (490, 961, 291)), ((-428, 897, 771), (-425, 707, 769))),[NegZ, NegX], (62, 64, 1062)
(((367, -454, -454), (-640, -602, -611)), ((-714, -709, -607), (-566, 298, -764))),[NegZ, SwapXY], (69, 112, -1218)
(((-714, -709, -607), (-668, -705, 391)), ((-650, -601, 769), (-654, 397, 723))),[NegZ, NegX, SwapYZ, SwapXY], (55, -1359, -6)
(((-714, -709, -607), (-668, -705, 391)), ((-654, 338, -692), (-608, -660, -696))),[NegX, SwapYZ], (-1322, -13, 53)
(((774, 425, -607), (645, -773, -456)), ((426, 754, 489), (577, -444, 360))),[NegZ, NegY, NegX, SwapXZ], (1134, -19, -30)
(((-535, 558, 362), (-880, -719, 693)), ((-415, 786, 411), (862, 441, 742))),[NegX, SwapXY], (-1321, 143, -49)
(((743, -729, -870), (-835, 348, -640)), ((422, 773, 820), (652, -304, -758))),[NegY, SwapXZ], (-77, 44, -1292)
(((-474, -620, -594), (-787, -752, 514)), ((630, -553, -714), (762, 555, -401))),[NegZ, NegX, SwapYZ, SwapXY], (-1188, 10, -41)
(((589, 829, -407), (-702, 552, -476)), ((648, -449, 824), (-643, -726, 893))),[NegY, NegX], (-54, 103, -1300)
(((-646, -684, 495), (483, -527, 472)), ((-608, 817, -563), (-765, 794, 566))),[NegZ, NegY, SwapYZ, SwapXY], (-80, 81, 1289)
(((468, -694, 555), (773, 798, 463)), ((719, 552, 669), (414, 460, -823))),[NegY, SwapYZ], (54, 129, 1015)
(((-404, -717, -823), (-386, -711, -803)), ((-700, -415, 369), (-680, -397, 375))),[SwapYZ, SwapXZ], (11, -1086, -123)
(((740, 549, -462), (616, 866, 403)), ((509, -313, -531), (826, 552, -655))),[SwapYZ, SwapXY], (1271, 40, -149)
(((664, 514, -561), (826, 552, -655)), ((564, -479, 651), (726, -573, 613))),[NegZ, SwapYZ], (100, 1165, -82)
(((-846, -706, 700), (-557, -652, -453)), ((483, -454, -546), (429, 699, -835))),[SwapYZ, SwapXY], (-11, -1135, 1)
(((-819, 449, 665), (-748, 248, 647)), ((623, 554, -341), (694, 536, -542))),[NegZ, NegY, NegX, SwapYZ], (-125, -93, 1201)
(((630, -553, -714), (828, -606, 643)), ((-792, -560, 601), (565, -613, 403))),[NegZ, SwapXZ], (1231, 7, 78)
(((620, -612, -772), (-512, -705, 462)), ((-404, 492, -456), (830, 585, 676))),[NegX, SwapXZ], (-56, -1197, 58)
(((861, -369, -706), (867, -378, -607)), ((325, -570, -316), (331, -669, -307))),[NegX, SwapYZ], (1192, -62, -37)
(((603, -364, 792), (325, -570, -316)), ((633, 713, 841), (-475, 435, 635))),[SwapYZ, SwapXZ], (-110, -1205, 159)
(((455, -619, -759), (689, 670, -709)), ((468, -673, -592), (518, 616, -826))),[NegZ, SwapXZ], (-137, 54, -1227)
(((-398, -811, -479), (629, -453, 480)), ((843, 561, 471), (485, -398, -556))),[SwapYZ, SwapXY], (158, -1296, -81)
(((-818, -698, -665), (611, -750, -527)), ((639, -645, -613), (587, 784, -475))),[NegZ, NegY, NegX, SwapXY], (-34, -111, -1140)
(((-531, -487, -869), (-819, 380, -777)), ((380, 611, -391), (-487, 899, -483))),[NegZ, NegY, NegX, SwapXY], (80, -107, -1260)
(((673, -316, -553), (620, -321, -728)), ((475, -708, 553), (470, -533, 500))),[NegZ, NegX, SwapYZ, SwapXY], (1173, 154, -20)
(((-624, -591, 635), (-795, -406, -551)), ((-403, -570, -427), (783, -755, -598))),[NegZ, SwapXZ], (-1222, 164, -148)
(((835, -850, 759), (-541, -787, 776)), ((571, -655, 690), (508, -638, -686))),[NegZ, NegY, SwapYZ, SwapXY], (149, -1358, 121)

(((573, 710, 600), (-736, 663, -709)), ((473, 682, 455), (-836, -627, 502))),[NegY, NegX, SwapYZ, SwapXZ], (-54, 208, -236)

(((664, 514, -561), (826, 552, -655)), ((564, -479, 651), (726, -573, 613))),[NegZ, SwapYZ], (100, 1165, -82)
-62,1087,-1174

((573, 710, 600), (-736, 663, -709)), ((473, 682, 455), (-836, -627, 502))
100,28,45
