"[[[[0,[7,7]],[[7,7],[7,8]]],[[[7,7],[8,8]],[[7,7],[8,7]]]],[7,[5,[[3,8],[1,4]]]]]"
"[[[[7,0],[[14,7],[7,8]]],[[[7,7],[8,8]],[[7,7],[8,7]]]],[7,[5,[[3,8],[1,4]]]]]"
"[[[[7,14],[0,[14,8]]],[[[7,7],[8,8]],[[7,7],[8,7]]]],[7,[5,[[3,8],[1,4]]]]]"
"[[[[7,14],[14,0]],[[[15,7],[8,8]],[[7,7],[8,7]]]],[7,[5,[[3,8],[1,4]]]]]"
"[[[[7,14],[14,15]],[[0,[15,8]],[[7,7],[8,7]]]],[7,[5,[[3,8],[1,4]]]]]"
"[[[[7,14],[14,15]],[[15,0],[[15,7],[8,7]]]],[7,[5,[[3,8],[1,4]]]]]"
"[[[[7,14],[14,15]],[[15,15],[0,[15,7]]]],[7,[5,[[3,8],[1,4]]]]]"
"[[[[7,14],[14,15]],[[15,15],[15,0]]],[14,[5,[[3,8],[1,4]]]]]"
"[[[[7,14],[14,15]],[[15,15],[15,0]]],[14,[8,[0,[9,4]]]]]"
"[[[[7,14],[14,15]],[[15,15],[15,0]]],[14,[8,[9,0]]]]"
"[[[[7,[7,7]],[14,15]],[[15,15],[15,0]]],[14,[8,[9,0]]]]"
"[[[[14,0],[21,15]],[[15,15],[15,0]]],[14,[8,[9,0]]]]"
"[[[[[7,7],0],[21,15]],[[15,15],[15,0]]],[14,[8,[9,0]]]]"
"[[[[0,7],[21,15]],[[15,15],[15,0]]],[14,[8,[9,0]]]]"
"[[[[0,7],[[10,11],15]],[[15,15],[15,0]]],[14,[8,[9,0]]]]"
"[[[[0,17],[0,26]],[[15,15],[15,0]]],[14,[8,[9,0]]]]"
"[[[[0,[8,9]],[0,26]],[[15,15],[15,0]]],[14,[8,[9,0]]]]"
"[[[[8,0],[9,26]],[[15,15],[15,0]]],[14,[8,[9,0]]]]"
"[[[[8,0],[9,[13,13]]],[[15,15],[15,0]]],[14,[8,[9,0]]]]"
"[[[[8,0],[22,0]],[[28,15],[15,0]]],[14,[8,[9,0]]]]"
"[[[[8,0],[[11,11],0]],[[28,15],[15,0]]],[14,[8,[9,0]]]]"
"[[[[8,11],[0,11]],[[28,15],[15,0]]],[14,[8,[9,0]]]]"
"[[[[8,[5,6]],[0,11]],[[28,15],[15,0]]],[14,[8,[9,0]]]]"
"[[[[13,0],[6,11]],[[28,15],[15,0]]],[14,[8,[9,0]]]]"
"[[[[[6,7],0],[6,11]],[[28,15],[15,0]]],[14,[8,[9,0]]]]"
"[[[[0,7],[6,11]],[[28,15],[15,0]]],[14,[8,[9,0]]]]"
"[[[[0,7],[6,[5,6]]],[[28,15],[15,0]]],[14,[8,[9,0]]]]"
"[[[[0,7],[11,0]],[[34,15],[15,0]]],[14,[8,[9,0]]]]"
"[[[[0,7],[[5,6],0]],[[34,15],[15,0]]],[14,[8,[9,0]]]]"
"[[[[0,12],[0,6]],[[34,15],[15,0]]],[14,[8,[9,0]]]]"
"[[[[0,[6,6]],[0,6]],[[34,15],[15,0]]],[14,[8,[9,0]]]]"
"[[[[6,0],[6,6]],[[34,15],[15,0]]],[14,[8,[9,0]]]]"
"[[[[6,0],[6,6]],[[[17,17],15],[15,0]]],[14,[8,[9,0]]]]"
"[[[[6,0],[6,23]],[[0,32],[15,0]]],[14,[8,[9,0]]]]"
"[[[[6,0],[6,[11,12]]],[[0,32],[15,0]]],[14,[8,[9,0]]]]"
"[[[[6,0],[17,0]],[[12,32],[15,0]]],[14,[8,[9,0]]]]"
"[[[[6,0],[[8,9],0]],[[12,32],[15,0]]],[14,[8,[9,0]]]]"
"[[[[6,8],[0,9]],[[12,32],[15,0]]],[14,[8,[9,0]]]]"
"[[[[6,8],[0,9]],[[[6,6],32],[15,0]]],[14,[8,[9,0]]]]"
"[[[[6,8],[0,15]],[[0,38],[15,0]]],[14,[8,[9,0]]]]"
"[[[[6,8],[0,[7,8]]],[[0,38],[15,0]]],[14,[8,[9,0]]]]"
"[[[[6,8],[7,0]],[[8,38],[15,0]]],[14,[8,[9,0]]]]"
"[[[[6,8],[7,0]],[[8,[19,19]],[15,0]]],[14,[8,[9,0]]]]"
"[[[[6,8],[7,0]],[[27,0],[34,0]]],[14,[8,[9,0]]]]"
"[[[[6,8],[7,0]],[[[13,14],0],[34,0]]],[14,[8,[9,0]]]]"
"[[[[6,8],[7,13]],[[0,14],[34,0]]],[14,[8,[9,0]]]]"
"[[[[6,8],[7,[6,7]]],[[0,14],[34,0]]],[14,[8,[9,0]]]]"
"[[[[6,8],[13,0]],[[7,14],[34,0]]],[14,[8,[9,0]]]]"
"[[[[6,8],[[6,7],0]],[[7,14],[34,0]]],[14,[8,[9,0]]]]"
"[[[[6,14],[0,7]],[[7,14],[34,0]]],[14,[8,[9,0]]]]"
"[[[[6,[7,7]],[0,7]],[[7,14],[34,0]]],[14,[8,[9,0]]]]"
"[[[[13,0],[7,7]],[[7,14],[34,0]]],[14,[8,[9,0]]]]"
"[[[[[6,7],0],[7,7]],[[7,14],[34,0]]],[14,[8,[9,0]]]]"
"[[[[0,7],[7,7]],[[7,14],[34,0]]],[14,[8,[9,0]]]]"
"[[[[0,7],[7,7]],[[7,[7,7]],[34,0]]],[14,[8,[9,0]]]]"
"[[[[0,7],[7,7]],[[14,0],[41,0]]],[14,[8,[9,0]]]]"
"[[[[0,7],[7,7]],[[[7,7],0],[41,0]]],[14,[8,[9,0]]]]"
"[[[[0,7],[7,14]],[[0,7],[41,0]]],[14,[8,[9,0]]]]"
"[[[[0,7],[7,[7,7]]],[[0,7],[41,0]]],[14,[8,[9,0]]]]"
"[[[[0,7],[14,0]],[[7,7],[41,0]]],[14,[8,[9,0]]]]"
"[[[[0,7],[[7,7],0]],[[7,7],[41,0]]],[14,[8,[9,0]]]]"
"[[[[0,14],[0,7]],[[7,7],[41,0]]],[14,[8,[9,0]]]]"
"[[[[0,[7,7]],[0,7]],[[7,7],[41,0]]],[14,[8,[9,0]]]]"
"[[[[7,0],[7,7]],[[7,7],[41,0]]],[14,[8,[9,0]]]]"
"[[[[7,0],[7,7]],[[7,7],[[20,21],0]]],[14,[8,[9,0]]]]"
"[[[[7,0],[7,7]],[[7,27],[0,21]]],[14,[8,[9,0]]]]"
"[[[[7,0],[7,7]],[[7,[13,14]],[0,21]]],[14,[8,[9,0]]]]"
"[[[[7,0],[7,7]],[[20,0],[14,21]]],[14,[8,[9,0]]]]"
"[[[[7,0],[7,7]],[[[10,10],0],[14,21]]],[14,[8,[9,0]]]]"
"[[[[7,0],[7,17]],[[0,10],[14,21]]],[14,[8,[9,0]]]]"
"[[[[7,0],[7,[8,9]]],[[0,10],[14,21]]],[14,[8,[9,0]]]]"
"[[[[7,0],[15,0]],[[9,10],[14,21]]],[14,[8,[9,0]]]]"
"[[[[7,0],[[7,8],0]],[[9,10],[14,21]]],[14,[8,[9,0]]]]"
"[[[[7,7],[0,8]],[[9,10],[14,21]]],[14,[8,[9,0]]]]"
"[[[[7,7],[0,8]],[[9,[5,5]],[14,21]]],[14,[8,[9,0]]]]"
"[[[[7,7],[0,8]],[[14,0],[19,21]]],[14,[8,[9,0]]]]"
"[[[[7,7],[0,8]],[[[7,7],0],[19,21]]],[14,[8,[9,0]]]]"
"[[[[7,7],[0,15]],[[0,7],[19,21]]],[14,[8,[9,0]]]]"
"[[[[7,7],[0,[7,8]]],[[0,7],[19,21]]],[14,[8,[9,0]]]]"
"[[[[7,7],[7,0]],[[8,7],[19,21]]],[14,[8,[9,0]]]]"
"[[[[7,7],[7,0]],[[8,7],[[9,10],21]]],[14,[8,[9,0]]]]"
"[[[[7,7],[7,0]],[[8,16],[0,31]]],[14,[8,[9,0]]]]"
"[[[[7,7],[7,0]],[[8,[8,8]],[0,31]]],[14,[8,[9,0]]]]"
"[[[[7,7],[7,0]],[[16,0],[8,31]]],[14,[8,[9,0]]]]"
"[[[[7,7],[7,0]],[[[8,8],0],[8,31]]],[14,[8,[9,0]]]]"
"[[[[7,7],[7,8]],[[0,8],[8,31]]],[14,[8,[9,0]]]]"
"[[[[7,7],[7,8]],[[0,8],[8,[15,16]]]],[14,[8,[9,0]]]]"
"[[[[7,7],[7,8]],[[0,8],[23,0]]],[30,[8,[9,0]]]]"
"[[[[7,7],[7,8]],[[0,8],[[11,12],0]]],[30,[8,[9,0]]]]"
"[[[[7,7],[7,8]],[[0,19],[0,12]]],[30,[8,[9,0]]]]"
"[[[[7,7],[7,8]],[[0,[9,10]],[0,12]]],[30,[8,[9,0]]]]"
"[[[[7,7],[7,8]],[[9,0],[10,12]]],[30,[8,[9,0]]]]"
"[[[[7,7],[7,8]],[[9,0],[[5,5],12]]],[30,[8,[9,0]]]]"
"[[[[7,7],[7,8]],[[9,5],[0,17]]],[30,[8,[9,0]]]]"
"[[[[7,7],[7,8]],[[9,5],[0,[8,9]]]],[30,[8,[9,0]]]]"
"[[[[7,7],[7,8]],[[9,5],[8,0]]],[39,[8,[9,0]]]]"
"[[[[7,7],[7,8]],[[9,5],[8,0]]],[[19,20],[8,[9,0]]]]"
"[[[[7,7],[7,8]],[[9,5],[8,0]]],[[[9,10],20],[8,[9,0]]]]"
"[[[[7,7],[7,8]],[[9,5],[8,0]]],[[[9,[5,5]],[10,10]],[8,[9,0]]]]"
"[[[[7,7],[7,8]],[[9,5],[8,0]]],[[[14,0],[15,10]],[8,[9,0]]]]"
"[[[[7,7],[7,8]],[[9,5],[8,0]]],[[[[7,7],0],[15,10]],[8,[9,0]]]]"
"[[[[7,7],[7,8]],[[9,5],[8,7]]],[[[0,7],[15,10]],[8,[9,0]]]]"
"[[[[7,7],[7,8]],[[9,5],[8,7]]],[[[0,7],[[7,8],10]],[8,[9,0]]]]"
"[[[[7,7],[7,8]],[[9,5],[8,7]]],[[[0,14],[0,18]],[8,[9,0]]]]"
"[[[[7,7],[7,8]],[[9,5],[8,7]]],[[[0,[7,7]],[0,18]],[8,[9,0]]]]"
"[[[[7,7],[7,8]],[[9,5],[8,7]]],[[[7,0],[7,18]],[8,[9,0]]]]"
"[[[[7,7],[7,8]],[[9,5],[8,7]]],[[[7,0],[7,[9,9]]],[8,[9,0]]]]"
"[[[[7,7],[7,8]],[[9,5],[8,7]]],[[[7,0],[16,0]],[17,[9,0]]]]"
"[[[[7,7],[7,8]],[[9,5],[8,7]]],[[[7,0],[[8,8],0]],[17,[9,0]]]]"
"[[[[7,7],[7,8]],[[9,5],[8,7]]],[[[7,8],[0,8]],[17,[9,0]]]]"
"[[[[7,7],[7,8]],[[9,5],[8,7]]],[[[7,8],[0,8]],[[8,9],[9,0]]]]"